
The first column is the intensity, the second column is the probability of atoms in the first state and the third column is the probability in the other state.

0.000000000000000000e+00 1.000000000000000000e+00 0.000000000000000000e+00
1.949059409540264930e-04 9.999999999945838880e-01 3.783545528872634815e-37
7.796237638161059719e-04 9.999999999134909778e-01 3.967333197254098750e-31
1.754153468586238220e-03 9.999999995621153825e-01 1.319237491211459115e-27
3.118495055264423887e-03 9.999999986163876642e-01 4.160019516568126633e-25
4.872648523850661890e-03 9.999999966236770010e-01 3.608200603625141951e-23
7.016613874344952879e-03 9.999999930050893493e-01 1.383268817956163230e-21
9.550391106747298589e-03 9.999999870600562168e-01 3.018752728368426718e-20
1.247398022105769555e-02 9.999999779746314710e-01 4.361578661924356835e-19
1.578738121727614463e-02 9.999999648347296377e-01 4.598974749317816690e-18
1.949059409540264756e-02 9.999999466460258724e-01 3.782374913893463176e-17
2.358361885543720782e-02 9.999999223619520095e-01 2.544226542468063715e-16
2.806645549737981152e-02 9.999998909207356013e-01 1.449588718355833015e-15
3.293910402123047948e-02 9.999998512920467153e-01 7.184246138558056773e-15
3.820156442698919436e-02 9.999998025316201300e-01 3.161851064653056153e-14
4.385383671465596656e-02 9.999997438401526662e-01 1.256145809773614175e-13
4.989592088423078220e-02 9.999996746170032313e-01 4.564689927360482226e-13
5.632781693571365517e-02 9.999995944923234514e-01 1.533712143936172143e-12
6.314952486910457852e-02 9.999995033082680340e-01 4.807511393259592339e-12
7.036104468440358695e-02 9.999994009998440792e-01 1.416417873068977033e-11
7.796237638161059025e-02 9.999992872966849689e-01 3.947349341892398683e-11
8.595351996072568557e-02 9.999991611208699505e-01 1.046181331899833901e-10
9.433447542174883127e-02 9.999990194896538620e-01 2.649174162278248849e-10
1.031052427646800135e-01 9.999988556353641700e-01 6.435172684316752833e-10
1.122658219895192461e-01 9.999986559182481027e-01 1.504787080267638166e-09
1.218162130962665707e-01 9.999983949193235189e-01 3.397703943492625522e-09
1.317564160849219179e-01 9.999980278427516023e-01 7.427845894594823115e-09
1.420864309554853155e-01 9.999974790159530391e-01 1.575951396416664250e-08
1.528062577079567774e-01 9.999966248298006732e-01 3.251957699505852578e-08
1.639158963423363313e-01 9.999952688940606516e-01 6.538654606784644836e-08
1.754153468586238662e-01 9.999931064776391709e-01 1.283233209625369273e-07
1.873046092568194654e-01 9.999896744473183441e-01 2.461799182091166241e-07
1.995836835369231288e-01 9.999842819102997549e-01 4.622945293691608972e-07
2.122525696989348565e-01 9.999759156182440600e-01 8.508129376608208996e-07
2.253112677428546207e-01 9.999631129324598744e-01 1.536300264372585988e-06
2.387597776686824214e-01 9.999437938448186847e-01 2.724427485509549802e-06
2.525980994764183141e-01 9.999150422895580759e-01 4.749191317736632305e-06
2.668262331660622433e-01 9.998728259031636201e-01 8.144402861420909736e-06
2.814441787376143478e-01 9.998116426789380728e-01 1.375020535819917073e-05
2.964519361910744055e-01 9.997240828473585861e-01 2.286930533916175167e-05
3.118495055264423610e-01 9.996002950681298627e-01 3.749255797415586527e-05
3.276368867437186028e-01 9.994273479441557750e-01 6.061962084460025457e-05
3.438140798429027423e-01 9.991884812584053144e-01 9.670756816491816999e-05
3.603810848239950015e-01 9.988622464404421919e-01 1.522884656496252933e-04
3.773379016869953251e-01 9.984215427237657092e-01 2.368055262387932982e-04
3.946845304319036574e-01 9.978325641830146919e-01 3.637258368885598809e-04
4.124209710587200539e-01 9.970536829611720275e-01 5.519945537941135273e-04
4.305472235674445147e-01 9.960343046959116986e-01 8.278991413191944069e-04
4.490632879580769843e-01 9.947137420909368810e-01 1.227410282732530273e-03
4.679691642306176846e-01 9.930201598120312889e-01 1.799055475261783195e-03
4.872648523850662827e-01 9.908696459171147941e-01 2.607358425596274960e-03
5.069503524214229451e-01 9.881654589682301593e-01 3.736838222117371509e-03
5.270256643396876717e-01 9.847974829481573877e-01 5.296502965312507687e-03
5.474907881398604070e-01 9.806418919506559861e-01 7.424689844838822106e-03
5.683457238219412622e-01 9.755609828749259860e-01 1.029399583131966091e-02
5.895904713859301260e-01 9.694030795897421449e-01 1.411591104613920712e-02
6.112250308318271097e-01 9.620023532786224907e-01 1.914461511669747484e-02
6.332494021596319911e-01 9.531783537985871746e-01 2.567923512897518981e-02
6.556635853693453253e-01 9.427350253411934666e-01 3.406370816619117697e-02
6.784675804609663352e-01 9.304590121053352147e-01 4.468326516441289281e-02
7.016613874344954649e-01 9.161171754895742758e-01 5.795648697613478562e-02
7.252450062899327143e-01 8.994534716739047697e-01 7.432191652840600127e-02
7.492184370272778615e-01 8.801856962898962911e-01 9.421838672723137353e-02
7.735816796465312395e-01 8.580030899423761737e-01 1.180585876143832869e-01
7.983347341476925152e-01 8.325663808536742927e-01 1.461959874526230774e-01
8.234776005307620217e-01 8.035124410728169408e-01 1.788860621550789343e-01
8.490102787957394259e-01 7.704662222199301080e-01 2.162438623218293221e-01
8.749327689426249499e-01 7.330628401167351704e-01 2.582011883929735130e-01
9.012450709714184827e-01 6.909823904009593232e-01 3.044679076279829255e-01
9.279471848821202462e-01 6.439991024663527242e-01 3.545029986627194485e-01
9.550391106747296854e-01 5.920446423404889247e-01 4.075014342590877470e-01
9.825208483492474665e-01 5.352827510930486810e-01 4.624026487194939361e-01
1.010392397905673256e+00 4.741891429549491277e-01 5.179247535108828515e-01
1.038653759344007277e+00 4.096271121101042745e-01 5.726256828890147199e-01
1.067304932664248973e+00 3.429062666942678250e-01 6.249881792577758333e-01
1.096345917866399233e+00 2.758100392856204786e-01 6.735204820674385306e-01
1.125776714950457391e+00 2.105779403152548135e-01 7.168597299284031887e-01
1.155597323916423225e+00 1.498315464723591062e-01 7.538617408285739341e-01
1.185807744764297622e+00 9.643913859846764414e-02 7.836603970900110072e-01
1.216407977494079473e+00 5.332229479137119699e-02 8.056833796609323972e-01
1.247398022105769444e+00 2.321750035355461469e-02 8.196186875434814390e-01
1.278777878599367979e+00 8.415293176332319311e-03 8.253372531066031081e-01
1.310547546974874411e+00 1.050669729321159450e-02 8.227887612185498245e-01
1.342707027232288741e+00 3.016995029259392572e-02 8.118973542136826982e-01
1.375256319371610969e+00 6.702865266597576865e-02 7.924880698064650231e-01
1.408195423392841539e+00 1.196052545435367237e-01 7.642714847793914412e-01
1.441524339295980006e+00 1.853821199125006980e-01 7.269030096805357832e-01
1.475243067081026593e+00 2.609681097549074735e-01 6.801168767949470340e-01
1.509351606747981300e+00 3.423541801528034445e-01 6.239172352669301036e-01
1.543849958296843905e+00 4.252295152006081991e-01 5.587945584633980944e-01
1.578738121727614629e+00 5.053223635411210335e-01 4.859281643251499028e-01
1.614016097040293252e+00 5.787281191189320717e-01 4.073358412686548524e-01
1.649683884234880216e+00 6.421909112789582208e-01 3.259374233091391626e-01
1.685741483311374855e+00 6.933122670307761970e-01 2.455073576303046512e-01
1.722188894269778059e+00 7.306688469437998545e-01 1.704994955706886917e-01
1.759026117110088938e+00 7.538291131112282439e-01 1.057361211230084946e-01
1.796253151832307937e+00 7.632663599275730792e-01 5.596641591972459362e-02
1.833869998436435500e+00 7.601752978929147142e-01 2.532181261710183054e-02
1.871876656922470739e+00 7.462141071319263741e-01 1.672829116362649707e-02
1.910273127290413431e+00 7.232131466258082675e-01 3.137255878016634997e-02
